046 
545 
080 
902 
768 
099 
247
881 
197
432 
490 
770 
351
091 
215
863 
779 
719 
728 
476 
583 
169
204 
301
841 
241
137 
148 
138 
486 
599 
427 
751 
060 
969 
745 
011 
206 
437 
755 
322
226
005 
135 
392 
964 
691 
799 
178 
366 
211
237
185 
791 
248
950 
037 
666 
031 
386 
055 
589 
905 
796 
892 
032 
586 
240
024 
063 
573 
302
307
165 
559 
187
580 
336
988 
149 
078 
819 
655 
128 
830 
933 
746 
566 
168 
935 
726 
051 
126 
002 
041 
209
469 
978 
896 
282
671 
807 
430 
050 
161 
261
019 
471 
535 
680 
003 
158 
901 
643 
192 
997 
394 
961 
187 
360 
185
956 
378 
236
084 
860 
914 
157 
782 
156 
682 
452 
856 
525 
502 
989 
017 
987 
173 
540 
315
722 
771 
008 
690 
524 
853 
096 
206
475 
421 
811 
265
343
200 
380 
936 
170 
297
786 
798 
487 
875 
758 
946 
553 
056 
062 
211 
716 
772 
190
140 
647 
205
175
135 
208
014 
260
398 
167 
776 
237 
148 
787 
867 
614 
973 
039 
824 
526 
314
255
496 
073 
288
765 
243
058 
358 
794 
033 
665 
658 
116 
572 
311
904 
346
971 
382 
172 
912 
266
155 
749 
267
959 
568 
434 
501 
646 
163 
337
181 
353
357 
038 
980 
222 
026 
320
673 
218
960 
080 
748 
431 
439 
874 
669 
455 
128 
169 
504 
610 
202 
567 
793 
425 
984 
582 
122 
624 
228
667 
516 
115 
238 
895 
401 
999 
662 
217 
083 
784 
065 
105 
009 
124 
201 
048 
766 
109 
684 
781 
840 
411 
347
183 
005 
651 
012 
822 
077 
141 
306
040 
067 
369 
495 
838 
564 
664 
870 
217
284
117 
809 
246
424 
923 
951 
852 
489 
466 
106 
203 
561 
990 
529 
963 
342
095 
107 
144 
216
422 
549 
571 
982 
530 
441 
175 
926 
025 
230 
701 
207
076 
134 
213 
577 
845 
097 
648 
395 
319
205 
562 
013 
171 
044 
085 
209 
762 
014 
142 
286
954 
190 
919 
114 
864 
451 
194 
754 
312
687 
136 
638 
170
977 
858 
159 
105 
574 
730 
335
763 
445 
676 
450 
049 
228 
162 
029 
182
685 
276
700 
652 
494 
780 
998 
028 
820 
741 
147 
866 
118 
533 
957 
207 
088 
968 
714 
300
016 
151 
527 
074 
233 
693 
075 
054 
258
416 
993 
689 
695 
093 
944 
949 
133 
059 
052 
869 
093 
106 
139 
002 
812 
625 
120 
262
114 
210
018 
388 
861 
986 
699 
611 
552 
508 
216 
883 
296
585 
536 
915 
160 
188 
965 
602 
930 
375 
242
731 
594 
051 
334
125 
200
628 
738 
004 
898 
404 
138 
355
736 
039 
576 
635 
499 
934 
220 
129 
232
767 
831 
143 
313
070 
034 
124 
790 
962 
004 
066 
706 
109 
541 
324
150 
309
815 
164
597 
099 
810 
145 
072 
229 
632 
043 
889 
142 
821 
184
352
268
273
177 
975 
464 
189
272
137 
125 
942 
387 
835 
761 
498 
509 
235
143 
408 
460 
565 
855 
880 
100 
151 
062 
332
197 
399 
397 
407 
325
068 
212 
538 
052 
981 
653 
120 
543 
532 
584 
873 
537 
510 
333
850 
073 
056 
774 
201
112 
877 
026 
778 
479 
263
522 
214
927 
184 
453 
613 
370 
428 
085 
491 
872 
633 
764 
389 
359 
557 
474 
523 
534 
041 
920 
740 
182 
462 
461 
384 
707 
069 
967 
089 
053 
139 
202
134 
244
081 
412 
102 
517 
947 
563 
152 
785 
385 
045 
906 
219
179 
513 
878 
592 
065 
147 
596 
593 
663 
588 
617 
713 
654 
116 
236 
076 
078 
177
083 
022 
115 
518 
067 
049 
797 
976 
899 
028 
146 
620 
145 
196 
074 
165 
694 
280
118 
488 
723 
287
816 
941 
295
884 
615 
104 
805 
650 
079 
129 
604 
224 
909 
158 
308
269
808 
027 
492 
515 
299
410 
166 
132 
607 
734 
854 
326
483 
157 
064 
174
234
661 
231
275
031 
705 
057 
697 
554 
454 
438 
447 
110 
373 
415 
234 
227 
882 
310
520 
703 
463 
203
497 
440 
030 
686 
290
890 
179
250
365 
372 
027 
172
155 
423 
803 
857 
345
156 
270
328
921 
433 
013 
019 
991 
733 
727 
160 
254
777 
837 
210 
077 
472 
253
891 
503 
212
937 
317
154 
087 
756 
060 
123 
436 
232 
623 
163 
007 
153 
715 
885 
605 
928 
393 
292
221
166 
020 
570 
788 
199 
449 
178
331
473 
162 
943 
180 
627 
344
071 
131 
278
739 
925 
446 
144 
011 
581 
704 
675 
340
226 
634 
668 
442 
362 
377 
192
071 
418 
183
304
081 
481 
406 
271
136 
865 
417 
732 
084 
171
911 
103 
213
008 
195
924 
849 
457 
550 
945 
043 
931 
696 
349
341
070 
042 
737 
119 
281
674 
679 
519 
622 
305
279
108 
034 
804 
742 
047 
193 
000 
484 
710 
800 
886 
107 
368 
955 
003 
606 
660 
